000000000000001E
000000000000000A
0000000000000028
0000000000000003
0000000000000014
000000000000000F
0000000000000032
0000000000000001
000000000000002D
0000000000000005
0000000000000046
000000000000000C
000000000000003C
0000000000000019
0000000000000007
0000000000000022
0000000000000009
000000000000004B
0000000000000012
0000000000000025
0000000000000002
0000000000000030
0000000000000008
000000000000001B
0000000000000006
0000000000000040
0000000000000010
000000000000002A
0000000000000004
0000000000000035